11 61 507 1503 4717
40 73 628 1551 3588
25 96 103 2403 3944
47 52 259 1586 3455
38 85 429 2335 4541
24 60 116 2430 3823
14 61 182 1527 3869
39 67 992 1894 3267
25 68 819 2356 4115
12 62 685 2435 4561
38 91 800 1151 3300
11 64 326 1503 4153
11 74 414 1823 4814
12 96 157 2323 2509
48 70 293 1305 4659
34 51 168 1564 2990
17 95 541 1577 3216
34 61 500 2057 3368
8 63 762 1557 4564
4 91 297 2356 3187
3145 2244 584 98 13
4616 1340 404 70 39
3102 1979 516 68 5
3889 2398 596 72 39
3738 2163 221 68 43
3567 1594 584 53 17
3343 1158 700 82 7
4587 1337 682 65 33
3612 1903 685 88 29
3171 1531 855 62 32
3899 1055 644 77 1
2859 2448 500 95 1
2861 1716 512 97 28
3861 1181 719 68 13
3540 2424 975 89 42
4174 2295 785 91 43
4676 1098 433 93 43
3310 1477 743 58 23
2609 2418 270 79 46
3022 1900 340 70 20
25 88 888 4227 1876
38 55 744 4799 1204
3 71 939 3858 1168
34 58 589 3826 2074
22 77 819 4139 1884
4 58 773 3996 2350
6 68 147 2820 1393
18 58 895 3410 2401
16 80 981 3602 2280
50 70 794 3173 1208
44 99 863 4853 1496
17 94 681 3934 2115
27 53 423 3984 1517
12 83 605 3986 2276
36 96 278 2818 2106
14 82 311 3996 2076
32 76 475 3223 1740
48 78 615 4651 2400
13 98 508 2982 1299
36 59 204 3229 1796
21 2098 498 75 3886
13 1285 943 95 4877
47 1947 350 74 2845
42 2436 750 80 4940
6 2045 408 65 3366
48 1428 878 55 4639
6 1244 751 54 4945
18 1523 660 69 4499
9 1657 918 94 4029
8 1331 507 71 3344
49 1906 737 60 3455
20 1080 938 72 3278
49 1892 472 68 3929
30 1659 267 64 4143
6 1464 989 93 2535
11 1269 756 68 4156
50 1951 318 76 4764
5 1963 373 52 4074
12 2298 252 98 4845
39 2129 974 60 4657
-50 1051 992 57 4805
37 1900 722 94 8160
3 2216 960 66 2523
-17 2339 427 67 3700
22 1948 929 65 2562
-45 2326 132 90 7965
-42 1465 109 84 6734
46 1074 641 90 8889
-14 1534 144 70 5122
25 1536 668 98 4686
-46 1919 153 60 3899
-5 1812 583 96 7580
26 1029 451 57 4712
47 1851 603 87 3418
3 1148 836 93 2898
5 2179 963 63 4916
-26 1150 923 76 9555
-14 2243 733 65 4995
25 2095 320 85 8553
-16 1672 103 55 7191
