[11,61,507,1503,4717]
[40,628,3588,1551,73]
[96,3944,103,2403,25]
[52,1586,259,47,3455]
[38,85,429,2335,4541]
[24,60,116,2430,3823]
[14,182,61,1527,3869]
[992,1894,39,67,3267]
[68,2356,819,25,4115]
[12,62,685,2435,4561]
[38,800,3300,1151,91]
[64,326,11,1503,4153]
[74,414,4814,1823,11]
[12,96,157,2323,2509]
[48,70,293,1305,4659]
[34,168,1564,2990,51]
[3216,95,541,1577,17]
[34,500,3368,2057,61]
[8,762,4564,1557,63]
[4,2356,297,91,3187]
[2244,584,98,3145,13]
[4616,1340,404,70,39]
[3102,516,68,1979,5]
[2398,596,72,3889,39]
[3738,68,221,2163,43]
[1594,584,3567,53,17]
[1158,700,82,3343,7]
[682,1337,4587,65,33]
[3612,88,685,1903,29]
[62,32,855,3171,1531]
[644,1055,3899,77,1]
[2448,500,2859,95,1]
[1716,512,28,97,2861]
[68,1181,719,3861,13]
[3540,2424,42,89,975]
[4174,2295,785,91,43]
[4676,1098,433,93,43]
[3310,58,743,1477,23]
[2418,270,46,79,2609]
[3022,1900,340,70,20]
[88,888,1876,4227,25]
[38,744,1204,4799,55]
[3858,1168,939,3,71]
[34,58,3826,2074,589]
[22,1884,819,4139,77]
[4,58,3996,2350,773]
[6,68,2820,147,1393]
[18,58,3410,895,2401]
[16,80,3602,2280,981]
[50,70,794,1208,3173]
[44,1496,863,4853,99]
[94,3934,681,17,2115]
[3984,53,423,27,1517]
[12,3986,2276,83,605]
[36,96,278,2818,2106]
[14,82,3996,2076,311]
[32,76,1740,3223,475]
[48,78,2400,4651,615]
[98,508,2982,13,1299]
[36,204,1796,3229,59]
[2098,498,3886,75,21]
[13,1285,943,95,4877]
[350,74,47,1947,2845]
[42,2436,750,80,4940]
[6,408,3366,65,2045]
[48,1428,878,55,4639]
[6,1244,54,751,4945]
[18,660,1523,69,4499]
[918,94,9,1657,4029]
[8,3344,507,71,1331]
[1906,60,737,49,3455]
[20,1080,938,72,3278]
[1892,472,68,49,3929]
[30,64,267,1659,4143]
[6,1464,989,93,2535]
[756,68,4156,1269,11]
[50,318,76,4764,1951]
[52,4074,373,5,1963]
[12,2298,252,98,4845]
[974,60,39,2129,4657]
Entrada invalida, verifica las restricciones
Entrada invalida, verifica las restricciones
[2216,960,66,3,2523]
Entrada invalida, verifica las restricciones
[22,1948,2562,65,929]
Entrada invalida, verifica las restricciones
Entrada invalida, verifica las restricciones
Entrada invalida, verifica las restricciones
Entrada invalida, verifica las restricciones
[1536,668,98,4686,25]
Entrada invalida, verifica las restricciones
Entrada invalida, verifica las restricciones
[26,4712,451,57,1029]
[3418,1851,603,87,47]
[1148,836,2898,93,3]
[4916,2179,963,63,5]
Entrada invalida, verifica las restricciones
Entrada invalida, verifica las restricciones
Entrada invalida, verifica las restricciones
Entrada invalida, verifica las restricciones
